     graphic lat.    centric lat.     km/deg lon.  km/deg graphlat.  km/deg centlat. (m/s)/(deg lon./d)   f (s-1)   centric rad. (km) lat. circ. rad. (km)   g_eff (m s-2)

           0.000           0.000        1247.771        1091.126        1247.771          14.442         0.0000e+00      7.1492e+04      7.1492e+04          22.576
           0.250           0.219        1247.760        1091.127        1247.767          14.442         1.5346e-06      7.1492e+04      7.1491e+04          22.576
           0.500           0.437        1247.729        1091.131        1247.754          14.441         3.0692e-06      7.1492e+04      7.1490e+04          22.576
           0.750           0.656        1247.677        1091.137        1247.734          14.441         4.6037e-06      7.1491e+04      7.1487e+04          22.577
           1.000           0.874        1247.605        1091.146        1247.705          14.440         6.1381e-06      7.1491e+04      7.1482e+04          22.577
           1.250           1.093        1247.511        1091.158        1247.668          14.439         7.6724e-06      7.1490e+04      7.1477e+04          22.578
           1.500           1.312        1247.397        1091.172        1247.623          14.437         9.2066e-06      7.1489e+04      7.1471e+04          22.579
           1.750           1.530        1247.262        1091.189        1247.570          14.436         1.0741e-05      7.1488e+04      7.1463e+04          22.580
           2.000           1.749        1247.106        1091.209        1247.509          14.434         1.2274e-05      7.1487e+04      7.1454e+04          22.581
           2.250           1.968        1246.929        1091.231        1247.439          14.432         1.3808e-05      7.1486e+04      7.1444e+04          22.583
           2.500           2.186        1246.732        1091.256        1247.361          14.430         1.5341e-05      7.1485e+04      7.1432e+04          22.584
           2.750           2.405        1246.514        1091.283        1247.275          14.427         1.6874e-05      7.1483e+04      7.1420e+04          22.586
           3.000           2.624        1246.275        1091.313        1247.181          14.424         1.8407e-05      7.1481e+04      7.1406e+04          22.588
           3.250           2.843        1246.015        1091.346        1247.079          14.421         1.9939e-05      7.1479e+04      7.1391e+04          22.590
           3.500           3.062        1245.735        1091.381        1246.968          14.418         2.1471e-05      7.1477e+04      7.1375e+04          22.593
           3.750           3.280        1245.434        1091.419        1246.850          14.415         2.3003e-05      7.1475e+04      7.1358e+04          22.595
           4.000           3.499        1245.112        1091.459        1246.723          14.411         2.4534e-05      7.1473e+04      7.1340e+04          22.598
           4.250           3.718        1244.769        1091.502        1246.588          14.407         2.6064e-05      7.1470e+04      7.1320e+04          22.601
           4.500           3.937        1244.405        1091.547        1246.445          14.403         2.7595e-05      7.1468e+04      7.1299e+04          22.604
           4.750           4.156        1244.021        1091.595        1246.294          14.398         2.9124e-05      7.1465e+04      7.1277e+04          22.607
           5.000           4.375        1243.616        1091.646        1246.135          14.394         3.0653e-05      7.1462e+04      7.1254e+04          22.610
           5.250           4.594        1243.190        1091.699        1245.967          14.389         3.2182e-05      7.1459e+04      7.1230e+04          22.614
           5.500           4.813        1242.743        1091.755        1245.792          14.384         3.3710e-05      7.1456e+04      7.1204e+04          22.617
           5.750           5.032        1242.276        1091.814        1245.609          14.378         3.5237e-05      7.1453e+04      7.1177e+04          22.621
           6.000           5.251        1241.787        1091.875        1245.417          14.373         3.6763e-05      7.1449e+04      7.1149e+04          22.625
           6.250           5.470        1241.278        1091.938        1245.217          14.367         3.8289e-05      7.1445e+04      7.1120e+04          22.630
           6.500           5.690        1240.748        1092.004        1245.010          14.361         3.9814e-05      7.1442e+04      7.1090e+04          22.634
           6.750           5.909        1240.198        1092.073        1244.794          14.354         4.1339e-05      7.1438e+04      7.1058e+04          22.639
           7.000           6.128        1239.626        1092.144        1244.571          14.348         4.2862e-05      7.1434e+04      7.1025e+04          22.643
           7.250           6.348        1239.034        1092.218        1244.339          14.341         4.4385e-05      7.1429e+04      7.0991e+04          22.648
           7.500           6.567        1238.421        1092.294        1244.099          14.334         4.5907e-05      7.1425e+04      7.0956e+04          22.653
           7.750           6.787        1237.787        1092.373        1243.852          14.326         4.7428e-05      7.1420e+04      7.0920e+04          22.658
           8.000           7.006        1237.133        1092.455        1243.596          14.319         4.8948e-05      7.1416e+04      7.0882e+04          22.664
           8.250           7.226        1236.457        1092.538        1243.333          14.311         5.0467e-05      7.1411e+04      7.0844e+04          22.669
           8.500           7.446        1235.761        1092.625        1243.062          14.303         5.1986e-05      7.1406e+04      7.0804e+04          22.675
           8.750           7.666        1235.044        1092.714        1242.782          14.294         5.3503e-05      7.1401e+04      7.0763e+04          22.681
           9.000           7.885        1234.306        1092.805        1242.495          14.286         5.5019e-05      7.1396e+04      7.0721e+04          22.687
           9.250           8.105        1233.548        1092.899        1242.200          14.277         5.6534e-05      7.1390e+04      7.0677e+04          22.694
           9.500           8.325        1232.768        1092.996        1241.898          14.268         5.8048e-05      7.1385e+04      7.0632e+04          22.700
           9.750           8.545        1231.968        1093.095        1241.587          14.259         5.9561e-05      7.1379e+04      7.0587e+04          22.707
          10.000           8.765        1231.147        1093.197        1241.269          14.249         6.1073e-05      7.1373e+04      7.0540e+04          22.713
          10.250           8.986        1230.305        1093.301        1240.942          14.240         6.2584e-05      7.1367e+04      7.0491e+04          22.720
          10.500           9.206        1229.442        1093.407        1240.608          14.230         6.4093e-05      7.1361e+04      7.0442e+04          22.727
          10.750           9.426        1228.559        1093.516        1240.267          14.219         6.5602e-05      7.1355e+04      7.0391e+04          22.735
          11.000           9.647        1227.655        1093.628        1239.917          14.209         6.7109e-05      7.1348e+04      7.0339e+04          22.742
          11.250           9.867        1226.729        1093.742        1239.560          14.198         6.8615e-05      7.1342e+04      7.0286e+04          22.750
          11.500          10.088        1225.784        1093.858        1239.196          14.187         7.0119e-05      7.1335e+04      7.0232e+04          22.757
          11.750          10.309        1224.817        1093.977        1238.823          14.176         7.1622e-05      7.1328e+04      7.0177e+04          22.765
          12.000          10.530        1223.829        1094.098        1238.443          14.165         7.3124e-05      7.1321e+04      7.0120e+04          22.774
          12.250          10.750        1222.821        1094.222        1238.056          14.153         7.4624e-05      7.1314e+04      7.0062e+04          22.782
          12.500          10.971        1221.792        1094.348        1237.660          14.141         7.6123e-05      7.1307e+04      7.0004e+04          22.790
          12.750          11.193        1220.742        1094.477        1237.258          14.129         7.7621e-05      7.1299e+04      6.9943e+04          22.799
          13.000          11.414        1219.671        1094.608        1236.847          14.117         7.9117e-05      7.1292e+04      6.9882e+04          22.808
          13.250          11.635        1218.579        1094.741        1236.430          14.104         8.0611e-05      7.1284e+04      6.9819e+04          22.817
          13.500          11.856        1217.467        1094.877        1236.005          14.091         8.2104e-05      7.1276e+04      6.9756e+04          22.826
          13.750          12.078        1216.333        1095.016        1235.572          14.078         8.3596e-05      7.1268e+04      6.9691e+04          22.835
          14.000          12.300        1215.179        1095.156        1235.132          14.065         8.5086e-05      7.1260e+04      6.9625e+04          22.844
          14.250          12.521        1214.004        1095.299        1234.684          14.051         8.6574e-05      7.1252e+04      6.9557e+04          22.854
          14.500          12.743        1212.808        1095.445        1234.230          14.037         8.8060e-05      7.1244e+04      6.9489e+04          22.864
          14.750          12.965        1211.592        1095.592        1233.768          14.023         8.9545e-05      7.1235e+04      6.9419e+04          22.874
          15.000          13.187        1210.354        1095.743        1233.298          14.009         9.1028e-05      7.1226e+04      6.9348e+04          22.884
          15.250          13.409        1209.096        1095.895        1232.822          13.994         9.2510e-05      7.1218e+04      6.9276e+04          22.894
          15.500          13.632        1207.817        1096.050        1232.338          13.979         9.3990e-05      7.1209e+04      6.9203e+04          22.904
          15.750          13.854        1206.517        1096.207        1231.847          13.964         9.5467e-05      7.1200e+04      6.9128e+04          22.915
          16.000          14.077        1205.196        1096.367        1231.349          13.949         9.6944e-05      7.1190e+04      6.9053e+04          22.926
          16.250          14.299        1203.854        1096.528        1230.843          13.933         9.8418e-05      7.1181e+04      6.8976e+04          22.937
          16.500          14.522        1202.491        1096.693        1230.331          13.918         9.9890e-05      7.1171e+04      6.8898e+04          22.948
          16.750          14.745        1201.108        1096.859        1229.812          13.902         1.0136e-04      7.1162e+04      6.8818e+04          22.959
          17.000          14.968        1199.704        1097.028        1229.285          13.885         1.0283e-04      7.1152e+04      6.8738e+04          22.970
          17.250          15.191        1198.279        1097.199        1228.752          13.869         1.0430e-04      7.1142e+04      6.8656e+04          22.982
          17.500          15.414        1196.833        1097.372        1228.211          13.852         1.0576e-04      7.1132e+04      6.8573e+04          22.994
          17.750          15.638        1195.366        1097.547        1227.664          13.835         1.0722e-04      7.1122e+04      6.8489e+04          23.006
          18.000          15.861        1193.878        1097.725        1227.110          13.818         1.0868e-04      7.1112e+04      6.8404e+04          23.018
          18.250          16.085        1192.370        1097.905        1226.548          13.801         1.1014e-04      7.1101e+04      6.8318e+04          23.030
          18.500          16.309        1190.840        1098.087        1225.981          13.783         1.1160e-04      7.1091e+04      6.8230e+04          23.042
          18.750          16.533        1189.290        1098.272        1225.406          13.765         1.1305e-04      7.1080e+04      6.8141e+04          23.055
          19.000          16.757        1187.719        1098.458        1224.824          13.747         1.1450e-04      7.1069e+04      6.8051e+04          23.067
          19.250          16.981        1186.127        1098.647        1224.236          13.728         1.1595e-04      7.1058e+04      6.7960e+04          23.080
          19.500          17.206        1184.515        1098.838        1223.642          13.710         1.1740e-04      7.1047e+04      6.7868e+04          23.093
          19.750          17.430        1182.881        1099.031        1223.040          13.691         1.1885e-04      7.1036e+04      6.7774e+04          23.106
          20.000          17.655        1181.226        1099.227        1222.432          13.672         1.2029e-04      7.1025e+04      6.7679e+04          23.120
          20.250          17.880        1179.551        1099.424        1221.818          13.652         1.2173e-04      7.1013e+04      6.7583e+04          23.133
          20.500          18.105        1177.855        1099.624        1221.197          13.633         1.2317e-04      7.1002e+04      6.7486e+04          23.147
          20.750          18.330        1176.138        1099.825        1220.569          13.613         1.2461e-04      7.0990e+04      6.7388e+04          23.160
          21.000          18.556        1174.400        1100.029        1219.936          13.593         1.2604e-04      7.0978e+04      6.7288e+04          23.174
          21.250          18.781        1172.641        1100.235        1219.295          13.572         1.2747e-04      7.0966e+04      6.7187e+04          23.188
          21.500          19.007        1170.862        1100.443        1218.649          13.552         1.2890e-04      7.0954e+04      6.7085e+04          23.203
          21.750          19.233        1169.062        1100.653        1217.996          13.531         1.3033e-04      7.0942e+04      6.6982e+04          23.217
          22.000          19.459        1167.240        1100.866        1217.337          13.510         1.3175e-04      7.0929e+04      6.6878e+04          23.231
          22.250          19.685        1165.398        1101.080        1216.672          13.488         1.3317e-04      7.0917e+04      6.6772e+04          23.246
          22.500          19.911        1163.535        1101.296        1216.000          13.467         1.3459e-04      7.0904e+04      6.6666e+04          23.261
          22.750          20.138        1161.651        1101.514        1215.323          13.445         1.3601e-04      7.0891e+04      6.6558e+04          23.276
          23.000          20.364        1159.747        1101.735        1214.639          13.423         1.3742e-04      7.0879e+04      6.6449e+04          23.291
          23.250          20.591        1157.821        1101.957        1213.950          13.401         1.3883e-04      7.0866e+04      6.6338e+04          23.306
          23.500          20.818        1155.875        1102.181        1213.254          13.378         1.4024e-04      7.0852e+04      6.6227e+04          23.322
          23.750          21.045        1153.908        1102.408        1212.553          13.355         1.4165e-04      7.0839e+04      6.6114e+04          23.337
          24.000          21.273        1151.920        1102.636        1211.845          13.332         1.4305e-04      7.0826e+04      6.6000e+04          23.353
          24.250          21.500        1149.911        1102.866        1211.132          13.309         1.4445e-04      7.0812e+04      6.5885e+04          23.369
          24.500          21.728        1147.882        1103.098        1210.413          13.286         1.4585e-04      7.0799e+04      6.5769e+04          23.385
          24.750          21.956        1145.831        1103.332        1209.688          13.262         1.4725e-04      7.0785e+04      6.5651e+04          23.401
          25.000          22.184        1143.760        1103.568        1208.958          13.238         1.4864e-04      7.0771e+04      6.5533e+04          23.417
          25.250          22.412        1141.668        1103.806        1208.222          13.214         1.5003e-04      7.0757e+04      6.5413e+04          23.434
          25.500          22.641        1139.555        1104.045        1207.481          13.189         1.5141e-04      7.0743e+04      6.5292e+04          23.450
          25.750          22.870        1137.421        1104.287        1206.734          13.165         1.5280e-04      7.0729e+04      6.5169e+04          23.467
          26.000          23.098        1135.267        1104.530        1205.981          13.140         1.5418e-04      7.0715e+04      6.5046e+04          23.484
          26.250          23.327        1133.091        1104.775        1205.223          13.114         1.5556e-04      7.0701e+04      6.4921e+04          23.501
          26.500          23.557        1130.895        1105.022        1204.460          13.089         1.5693e-04      7.0686e+04      6.4796e+04          23.518
          26.750          23.786        1128.678        1105.271        1203.691          13.063         1.5830e-04      7.0672e+04      6.4669e+04          23.535
          27.000          24.016        1126.441        1105.522        1202.917          13.038         1.5967e-04      7.0657e+04      6.4540e+04          23.553
          27.250          24.246        1124.182        1105.774        1202.138          13.011         1.6104e-04      7.0642e+04      6.4411e+04          23.570
          27.500          24.476        1121.903        1106.028        1201.354          12.985         1.6240e-04      7.0627e+04      6.4280e+04          23.588
          27.750          24.706        1119.603        1106.284        1200.564          12.958         1.6376e-04      7.0612e+04      6.4149e+04          23.606
          28.000          24.936        1117.282        1106.542        1199.770          12.932         1.6512e-04      7.0597e+04      6.4016e+04          23.624
          28.250          25.167        1114.940        1106.801        1198.970          12.904         1.6647e-04      7.0582e+04      6.3881e+04          23.642
          28.500          25.398        1112.578        1107.062        1198.166          12.877         1.6782e-04      7.0566e+04      6.3746e+04          23.660
          28.750          25.629        1110.195        1107.324        1197.356          12.849         1.6917e-04      7.0551e+04      6.3609e+04          23.679
          29.000          25.860        1107.791        1107.589        1196.542          12.822         1.7051e-04      7.0535e+04      6.3472e+04          23.697
          29.250          26.092        1105.367        1107.855        1195.723          12.794         1.7185e-04      7.0520e+04      6.3333e+04          23.716
          29.500          26.324        1102.921        1108.122        1194.900          12.765         1.7319e-04      7.0504e+04      6.3193e+04          23.735
          29.750          26.556        1100.455        1108.391        1194.072          12.737         1.7452e-04      7.0488e+04      6.3051e+04          23.754
          30.000          26.788        1097.968        1108.662        1193.239          12.708         1.7585e-04      7.0472e+04      6.2909e+04          23.773
          30.250          27.020        1095.461        1108.934        1192.401          12.679         1.7718e-04      7.0456e+04      6.2765e+04          23.792
          30.500          27.253        1092.933        1109.208        1191.559          12.650         1.7850e-04      7.0440e+04      6.2620e+04          23.811
          30.750          27.486        1090.384        1109.483        1190.713          12.620         1.7983e-04      7.0423e+04      6.2474e+04          23.831
          31.000          27.719        1087.814        1109.760        1189.862          12.590         1.8114e-04      7.0407e+04      6.2327e+04          23.850
          31.250          27.952        1085.224        1110.039        1189.007          12.560         1.8246e-04      7.0390e+04      6.2179e+04          23.870
          31.500          28.186        1082.613        1110.318        1188.148          12.530         1.8377e-04      7.0374e+04      6.2029e+04          23.890
          31.750          28.419        1079.982        1110.600        1187.284          12.500         1.8507e-04      7.0357e+04      6.1878e+04          23.910
          32.000          28.653        1077.330        1110.882        1186.417          12.469         1.8638e-04      7.0340e+04      6.1726e+04          23.930
          32.250          28.887        1074.657        1111.167        1185.545          12.438         1.8768e-04      7.0324e+04      6.1573e+04          23.950
          32.500          29.122        1071.964        1111.452        1184.670          12.407         1.8897e-04      7.0307e+04      6.1419e+04          23.970
          32.750          29.357        1069.250        1111.739        1183.790          12.376         1.9026e-04      7.0290e+04      6.1263e+04          23.991
          33.000          29.591        1066.515        1112.027        1182.906          12.344         1.9155e-04      7.0273e+04      6.1107e+04          24.011
          33.250          29.827        1063.760        1112.317        1182.019          12.312         1.9284e-04      7.0255e+04      6.0949e+04          24.032
          33.500          30.062        1060.984        1112.608        1181.128          12.280         1.9412e-04      7.0238e+04      6.0790e+04          24.053
          33.750          30.298        1058.188        1112.900        1180.233          12.248         1.9540e-04      7.0221e+04      6.0630e+04          24.073
          34.000          30.533        1055.371        1113.194        1179.335          12.215         1.9667e-04      7.0203e+04      6.0468e+04          24.094
          34.250          30.770        1052.534        1113.489        1178.433          12.182         1.9794e-04      7.0186e+04      6.0306e+04          24.116
          34.500          31.006        1049.676        1113.785        1177.527          12.149         1.9921e-04      7.0168e+04      6.0142e+04          24.137
          34.750          31.242        1046.797        1114.082        1176.618          12.116         2.0047e-04      7.0150e+04      5.9977e+04          24.158
          35.000          31.479        1043.899        1114.381        1175.706          12.082         2.0173e-04      7.0132e+04      5.9811e+04          24.180
          35.250          31.716        1040.979        1114.681        1174.791          12.048         2.0299e-04      7.0115e+04      5.9644e+04          24.201
          35.500          31.954        1038.039        1114.982        1173.872          12.014         2.0424e-04      7.0097e+04      5.9475e+04          24.223
          35.750          32.191        1035.079        1115.284        1172.950          11.980         2.0548e-04      7.0079e+04      5.9306e+04          24.244
          36.000          32.429        1032.099        1115.587        1172.025          11.946         2.0673e-04      7.0060e+04      5.9135e+04          24.266
          36.250          32.667        1029.097        1115.891        1171.096          11.911         2.0797e-04      7.0042e+04      5.8963e+04          24.288
          36.500          32.906        1026.076        1116.197        1170.165          11.876         2.0920e-04      7.0024e+04      5.8790e+04          24.310
          36.750          33.144        1023.034        1116.503        1169.231          11.841         2.1043e-04      7.0006e+04      5.8616e+04          24.333
          37.000          33.383        1019.972        1116.811        1168.294          11.805         2.1166e-04      6.9987e+04      5.8440e+04          24.355
          37.250          33.622        1016.889        1117.119        1167.355          11.770         2.1289e-04      6.9969e+04      5.8263e+04          24.377
          37.500          33.861        1013.787        1117.429        1166.412          11.734         2.1411e-04      6.9950e+04      5.8086e+04          24.400
          37.750          34.101        1010.664        1117.739        1165.467          11.697         2.1532e-04      6.9932e+04      5.7907e+04          24.422
          38.000          34.341        1007.520        1118.051        1164.520          11.661         2.1653e-04      6.9913e+04      5.7727e+04          24.445
          38.250          34.581        1004.357        1118.363        1163.570          11.624         2.1774e-04      6.9894e+04      5.7545e+04          24.468
          38.500          34.822        1001.173        1118.677        1162.617          11.588         2.1894e-04      6.9875e+04      5.7363e+04          24.491
          38.750          35.062         997.969        1118.991        1161.662          11.551         2.2014e-04      6.9856e+04      5.7179e+04          24.514
          39.000          35.303         994.744        1119.306        1160.705          11.513         2.2134e-04      6.9837e+04      5.6995e+04          24.537
          39.250          35.544         991.500        1119.622        1159.745          11.476         2.2253e-04      6.9818e+04      5.6809e+04          24.560
          39.500          35.786         988.235        1119.939        1158.784          11.438         2.2371e-04      6.9799e+04      5.6622e+04          24.583
          39.750          36.028         984.951        1120.256        1157.820          11.400         2.2489e-04      6.9780e+04      5.6434e+04          24.606
          40.000          36.270         981.646        1120.575        1156.855          11.362         2.2607e-04      6.9761e+04      5.6244e+04          24.630
          40.250          36.512         978.321        1120.894        1155.887          11.323         2.2725e-04      6.9742e+04      5.6054e+04          24.653
          40.500          36.755         974.976        1121.214        1154.917          11.284         2.2842e-04      6.9722e+04      5.5862e+04          24.677
          40.750          36.997         971.611        1121.534        1153.946          11.246         2.2958e-04      6.9703e+04      5.5669e+04          24.700
          41.000          37.241         968.226        1121.856        1152.973          11.206         2.3074e-04      6.9684e+04      5.5475e+04          24.724
          41.250          37.484         964.822        1122.178        1151.998          11.167         2.3190e-04      6.9664e+04      5.5280e+04          24.748
          41.500          37.728         961.397        1122.500        1151.022          11.127         2.3305e-04      6.9645e+04      5.5084e+04          24.772
          41.750          37.972         957.952        1122.824        1150.044          11.087         2.3420e-04      6.9625e+04      5.4887e+04          24.796
          42.000          38.216         954.488        1123.147        1149.065          11.047         2.3534e-04      6.9605e+04      5.4688e+04          24.820
          42.250          38.460         951.003        1123.472        1148.084          11.007         2.3648e-04      6.9586e+04      5.4488e+04          24.844
          42.500          38.705         947.499        1123.797        1147.103          10.966         2.3761e-04      6.9566e+04      5.4288e+04          24.868
          42.750          38.950         943.975        1124.122        1146.119          10.926         2.3874e-04      6.9546e+04      5.4086e+04          24.892
          43.000          39.195         940.431        1124.448        1145.135          10.885         2.3986e-04      6.9527e+04      5.3883e+04          24.916
          43.250          39.441         936.868        1124.775        1144.150          10.843         2.4098e-04      6.9507e+04      5.3679e+04          24.941
          43.500          39.687         933.285        1125.102        1143.163          10.802         2.4210e-04      6.9487e+04      5.3473e+04          24.965
          43.750          39.933         929.682        1125.429        1142.176          10.760         2.4321e-04      6.9467e+04      5.3267e+04          24.990
          44.000          40.180         926.059        1125.757        1141.188          10.718         2.4432e-04      6.9447e+04      5.3059e+04          25.014
          44.250          40.426         922.417        1126.085        1140.199          10.676         2.4542e-04      6.9427e+04      5.2851e+04          25.039
          44.500          40.673         918.756        1126.414        1139.210          10.634         2.4651e-04      6.9407e+04      5.2641e+04          25.063
          44.750          40.921         915.075        1126.743        1138.219          10.591         2.4761e-04      6.9387e+04      5.2430e+04          25.088
          45.000          41.168         911.374        1127.072        1137.228          10.548         2.4869e-04      6.9367e+04      5.2218e+04          25.113
          45.250          41.416         907.654        1127.401        1136.237          10.505         2.4978e-04      6.9347e+04      5.2005e+04          25.138
          45.500          41.665         903.915        1127.731        1135.246          10.462         2.5085e-04      6.9327e+04      5.1791e+04          25.163
          45.750          41.913         900.156        1128.061        1134.253          10.418         2.5193e-04      6.9307e+04      5.1575e+04          25.188
          46.000          42.162         896.378        1128.391        1133.261          10.375         2.5300e-04      6.9286e+04      5.1359e+04          25.213
          46.250          42.411         892.581        1128.722        1132.269          10.331         2.5406e-04      6.9266e+04      5.1141e+04          25.238
          46.500          42.660         888.764        1129.052        1131.276          10.287         2.5512e-04      6.9246e+04      5.0922e+04          25.263
          46.750          42.910         884.928        1129.383        1130.284          10.242         2.5617e-04      6.9226e+04      5.0703e+04          25.288
          47.000          43.160         881.073        1129.714        1129.291          10.198         2.5722e-04      6.9205e+04      5.0482e+04          25.313
          47.250          43.410         877.199        1130.045        1128.299          10.153         2.5827e-04      6.9185e+04      5.0260e+04          25.338
          47.500          43.661         873.306        1130.376        1127.306          10.108         2.5931e-04      6.9165e+04      5.0037e+04          25.363
          47.750          43.911         869.394        1130.707        1126.314          10.062         2.6034e-04      6.9144e+04      4.9813e+04          25.388
          48.000          44.163         865.462        1131.038        1125.323          10.017         2.6137e-04      6.9124e+04      4.9587e+04          25.414
          48.250          44.414         861.512        1131.369        1124.332           9.971         2.6239e-04      6.9104e+04      4.9361e+04          25.439
          48.500          44.666         857.543        1131.700        1123.341           9.925         2.6341e-04      6.9083e+04      4.9134e+04          25.464
          48.750          44.918         853.555        1132.031        1122.351           9.879         2.6443e-04      6.9063e+04      4.8905e+04          25.490
          49.000          45.170         849.548        1132.362        1121.361           9.833         2.6544e-04      6.9043e+04      4.8676e+04          25.515
          49.250          45.423         845.523        1132.692        1120.373           9.786         2.6644e-04      6.9022e+04      4.8445e+04          25.541
          49.500          45.675         841.479        1133.023        1119.385           9.739         2.6744e-04      6.9002e+04      4.8213e+04          25.566
          49.750          45.929         837.416        1133.353        1118.398           9.692         2.6843e-04      6.8982e+04      4.7980e+04          25.591
          50.000          46.182         833.335        1133.684        1117.412           9.645         2.6942e-04      6.8961e+04      4.7747e+04          25.617
          50.250          46.436         829.235        1134.014        1116.427           9.598         2.7041e-04      6.8941e+04      4.7512e+04          25.642
          50.500          46.690         825.116        1134.343        1115.443           9.550         2.7139e-04      6.8921e+04      4.7276e+04          25.668
          50.750          46.944         820.979        1134.673        1114.460           9.502         2.7236e-04      6.8900e+04      4.7039e+04          25.693
          51.000          47.199         816.824        1135.002        1113.478           9.454         2.7333e-04      6.8880e+04      4.6801e+04          25.719
          51.250          47.454         812.650        1135.331        1112.498           9.406         2.7429e-04      6.8859e+04      4.6561e+04          25.744
          51.500          47.709         808.458        1135.659        1111.520           9.357         2.7525e-04      6.8839e+04      4.6321e+04          25.770
          51.750          47.965         804.248        1135.987        1110.542           9.308         2.7620e-04      6.8819e+04      4.6080e+04          25.795
          52.000          48.221         800.020        1136.315        1109.567           9.259         2.7715e-04      6.8798e+04      4.5838e+04          25.821
          52.250          48.477         795.774        1136.642        1108.593           9.210         2.7809e-04      6.8778e+04      4.5594e+04          25.847
          52.500          48.733         791.509        1136.969        1107.621           9.161         2.7903e-04      6.8758e+04      4.5350e+04          25.872
          52.750          48.990         787.227        1137.296        1106.650           9.111         2.7996e-04      6.8738e+04      4.5105e+04          25.898
          53.000          49.247         782.926        1137.621        1105.682           9.062         2.8089e-04      6.8717e+04      4.4858e+04          25.923
          53.250          49.505         778.608        1137.947        1104.715           9.012         2.8181e-04      6.8697e+04      4.4611e+04          25.949
          53.500          49.762         774.272        1138.271        1103.750           8.961         2.8272e-04      6.8677e+04      4.4363e+04          25.974
          53.750          50.020         769.918        1138.596        1102.788           8.911         2.8363e-04      6.8657e+04      4.4113e+04          26.000
          54.000          50.279         765.547        1138.919        1101.828           8.860         2.8454e-04      6.8637e+04      4.3863e+04          26.025
          54.250          50.537         761.158        1139.242        1100.870           8.810         2.8544e-04      6.8617e+04      4.3611e+04          26.050
          54.500          50.796         756.751        1139.564        1099.914           8.759         2.8633e-04      6.8596e+04      4.3359e+04          26.076
          54.750          51.055         752.327        1139.886        1098.961           8.707         2.8722e-04      6.8576e+04      4.3105e+04          26.101
          55.000          51.315         747.885        1140.207        1098.010           8.656         2.8810e-04      6.8556e+04      4.2851e+04          26.127
          55.250          51.574         743.426        1140.527        1097.062           8.604         2.8898e-04      6.8536e+04      4.2595e+04          26.152
          55.500          51.834         738.950        1140.846        1096.116           8.553         2.8985e-04      6.8516e+04      4.2339e+04          26.177
          55.750          52.095         734.457        1141.164        1095.173           8.501         2.9072e-04      6.8496e+04      4.2081e+04          26.202
          56.000          52.355         729.946        1141.482        1094.233           8.448         2.9158e-04      6.8477e+04      4.1823e+04          26.228
          56.250          52.616         725.419        1141.799        1093.296           8.396         2.9243e-04      6.8457e+04      4.1563e+04          26.253
          56.500          52.878         720.874        1142.115        1092.362           8.343         2.9328e-04      6.8437e+04      4.1303e+04          26.278
          56.750          53.139         716.313        1142.430        1091.431           8.291         2.9413e-04      6.8417e+04      4.1042e+04          26.303
          57.000          53.401         711.734        1142.744        1090.503           8.238         2.9497e-04      6.8398e+04      4.0779e+04          26.328
          57.250          53.663         707.139        1143.057        1089.578           8.184         2.9580e-04      6.8378e+04      4.0516e+04          26.353
          57.500          53.926         702.527        1143.369        1088.656           8.131         2.9663e-04      6.8358e+04      4.0252e+04          26.378
          57.750          54.188         697.899        1143.680        1087.738           8.078         2.9745e-04      6.8339e+04      3.9987e+04          26.403
          58.000          54.451         693.254        1143.991        1086.823           8.024         2.9826e-04      6.8319e+04      3.9721e+04          26.428
          58.250          54.715         688.592        1144.300        1085.911           7.970         2.9907e-04      6.8300e+04      3.9453e+04          26.453
          58.500          54.978         683.914        1144.607        1085.004           7.916         2.9988e-04      6.8280e+04      3.9185e+04          26.478
          58.750          55.242         679.220        1144.914        1084.099           7.861         3.0068e-04      6.8261e+04      3.8916e+04          26.502
          59.000          55.506         674.510        1145.220        1083.199           7.807         3.0147e-04      6.8242e+04      3.8647e+04          26.527
          59.250          55.771         669.783        1145.524        1082.302           7.752         3.0226e-04      6.8223e+04      3.8376e+04          26.552
          59.500          56.035         665.041        1145.828        1081.409           7.697         3.0304e-04      6.8204e+04      3.8104e+04          26.576
          59.750          56.300         660.282        1146.130        1080.520           7.642         3.0382e-04      6.8185e+04      3.7831e+04          26.600
          60.000          56.566         655.508        1146.431        1079.635           7.587         3.0459e-04      6.8166e+04      3.7558e+04          26.625
          60.250          56.831         650.718        1146.730        1078.754           7.531         3.0535e-04      6.8147e+04      3.7283e+04          26.649
          60.500          57.097         645.912        1147.028        1077.877           7.476         3.0611e-04      6.8128e+04      3.7008e+04          26.673
          60.750          57.363         641.090        1147.325        1077.004           7.420         3.0686e-04      6.8109e+04      3.6732e+04          26.697
          61.000          57.630         636.253        1147.621        1076.136           7.364         3.0761e-04      6.8090e+04      3.6455e+04          26.721
          61.250          57.897         631.400        1147.915        1075.272           7.308         3.0835e-04      6.8072e+04      3.6177e+04          26.745
          61.500          58.164         626.532        1148.208        1074.412           7.252         3.0909e-04      6.8053e+04      3.5898e+04          26.769
          61.750          58.431         621.649        1148.499        1073.557           7.195         3.0982e-04      6.8035e+04      3.5618e+04          26.793
          62.000          58.699         616.751        1148.789        1072.706           7.138         3.1054e-04      6.8016e+04      3.5337e+04          26.817
          62.250          58.966         611.837        1149.077        1071.860           7.081         3.1126e-04      6.7998e+04      3.5056e+04          26.840
          62.500          59.235         606.909        1149.364        1071.019           7.024         3.1197e-04      6.7980e+04      3.4773e+04          26.864
          62.750          59.503         601.965        1149.650        1070.182           6.967         3.1267e-04      6.7962e+04      3.4490e+04          26.887
          63.000          59.772         597.007        1149.934        1069.351           6.910         3.1337e-04      6.7944e+04      3.4206e+04          26.911
          63.250          60.041         592.034        1150.216        1068.524           6.852         3.1407e-04      6.7926e+04      3.3921e+04          26.934
          63.500          60.310         587.047        1150.496        1067.702           6.795         3.1475e-04      6.7908e+04      3.3635e+04          26.957
          63.750          60.579         582.045        1150.775        1066.886           6.737         3.1544e-04      6.7890e+04      3.3349e+04          26.980
          64.000          60.849         577.028        1151.053        1066.074           6.679         3.1611e-04      6.7873e+04      3.3061e+04          27.003
          64.250          61.119         571.998        1151.328        1065.268           6.620         3.1678e-04      6.7855e+04      3.2773e+04          27.025
          64.500          61.390         566.953        1151.602        1064.467           6.562         3.1745e-04      6.7838e+04      3.2484e+04          27.048
          64.750          61.660         561.894        1151.874        1063.671           6.503         3.1810e-04      6.7820e+04      3.2194e+04          27.071
          65.000          61.931         556.821        1152.145        1062.880           6.445         3.1875e-04      6.7803e+04      3.1903e+04          27.093
          65.250          62.202         551.734        1152.413        1062.095           6.386         3.1940e-04      6.7786e+04      3.1612e+04          27.115
          65.500          62.474         546.633        1152.680        1061.316           6.327         3.2004e-04      6.7769e+04      3.1320e+04          27.137
          65.750          62.745         541.519        1152.945        1060.542           6.268         3.2067e-04      6.7752e+04      3.1027e+04          27.159
          66.000          63.017         536.391        1153.208        1059.774           6.208         3.2130e-04      6.7735e+04      3.0733e+04          27.181
          66.250          63.289         531.249        1153.470        1059.012           6.149         3.2192e-04      6.7718e+04      3.0438e+04          27.203
          66.500          63.562         526.094        1153.729        1058.255           6.089         3.2254e-04      6.7702e+04      3.0143e+04          27.225
          66.750          63.834         520.926        1153.986        1057.504           6.029         3.2315e-04      6.7685e+04      2.9847e+04          27.246
          67.000          64.107         515.745        1154.242        1056.759           5.969         3.2375e-04      6.7669e+04      2.9550e+04          27.267
          67.250          64.381         510.551        1154.495        1056.020           5.909         3.2434e-04      6.7653e+04      2.9252e+04          27.289
          67.500          64.654         505.343        1154.747        1055.287           5.849         3.2493e-04      6.7637e+04      2.8954e+04          27.310
          67.750          64.928         500.123        1154.996        1054.561           5.788         3.2552e-04      6.7621e+04      2.8655e+04          27.331
          68.000          65.202         494.890        1155.244        1053.840           5.728         3.2610e-04      6.7605e+04      2.8355e+04          27.351
          68.250          65.476         489.645        1155.489        1053.126           5.667         3.2667e-04      6.7589e+04      2.8055e+04          27.372
          68.500          65.750         484.387        1155.732        1052.417           5.606         3.2723e-04      6.7573e+04      2.7753e+04          27.392
          68.750          66.025         479.117        1155.973        1051.716           5.545         3.2779e-04      6.7558e+04      2.7451e+04          27.413
          69.000          66.300         473.835        1156.212        1051.020           5.484         3.2835e-04      6.7542e+04      2.7149e+04          27.433
          69.250          66.575         468.540        1156.449        1050.331           5.423         3.2889e-04      6.7527e+04      2.6845e+04          27.453
          69.500          66.850         463.234        1156.684        1049.649           5.361         3.2943e-04      6.7512e+04      2.6541e+04          27.472
          69.750          67.126         457.915        1156.916        1048.973           5.300         3.2997e-04      6.7497e+04      2.6237e+04          27.492
          70.000          67.402         452.585        1157.146        1048.304           5.238         3.3050e-04      6.7482e+04      2.5931e+04          27.511
          70.250          67.678         447.243        1157.374        1047.642           5.176         3.3102e-04      6.7468e+04      2.5625e+04          27.531
          70.500          67.954         441.890        1157.600        1046.986           5.114         3.3153e-04      6.7453e+04      2.5318e+04          27.550
          70.750          68.231         436.525        1157.824        1046.337           5.052         3.3204e-04      6.7439e+04      2.5011e+04          27.569
          71.000          68.507         431.149        1158.045        1045.695           4.990         3.3255e-04      6.7425e+04      2.4703e+04          27.587
          71.250          68.784         425.762        1158.264        1045.060           4.928         3.3304e-04      6.7410e+04      2.4394e+04          27.606
          71.500          69.062         420.364        1158.480        1044.432           4.865         3.3353e-04      6.7396e+04      2.4085e+04          27.624
          71.750          69.339         414.954        1158.694        1043.811           4.803         3.3402e-04      6.7383e+04      2.3775e+04          27.643
          72.000          69.617         409.535        1158.906        1043.197           4.740         3.3449e-04      6.7369e+04      2.3465e+04          27.661
          72.250          69.894         404.104        1159.115        1042.590           4.677         3.3496e-04      6.7355e+04      2.3153e+04          27.678
          72.500          70.173         398.663        1159.322        1041.991           4.614         3.3543e-04      6.7342e+04      2.2842e+04          27.696
          72.750          70.451         393.212        1159.526        1041.398           4.551         3.3589e-04      6.7329e+04      2.2529e+04          27.713
          73.000          70.729         387.750        1159.728        1040.813           4.488         3.3634e-04      6.7316e+04      2.2216e+04          27.731
          73.250          71.008         382.278        1159.927        1040.236           4.425         3.3678e-04      6.7303e+04      2.1903e+04          27.748
          73.500          71.287         376.796        1160.124        1039.665           4.361         3.3722e-04      6.7290e+04      2.1589e+04          27.765
          73.750          71.566         371.304        1160.319        1039.102           4.298         3.3766e-04      6.7278e+04      2.1274e+04          27.781
          74.000          71.845         365.803        1160.511        1038.547           4.234         3.3808e-04      6.7265e+04      2.0959e+04          27.798
          74.250          72.125         360.292        1160.700        1037.999           4.170         3.3850e-04      6.7253e+04      2.0643e+04          27.814
          74.500          72.404         354.771        1160.886        1037.459           4.106         3.3892e-04      6.7241e+04      2.0327e+04          27.830
          74.750          72.684         349.242        1161.071        1036.926           4.042         3.3932e-04      6.7229e+04      2.0010e+04          27.846
          75.000          72.964         343.703        1161.252        1036.402           3.978         3.3972e-04      6.7217e+04      1.9693e+04          27.861
          75.250          73.244         338.154        1161.431        1035.884           3.914         3.4012e-04      6.7206e+04      1.9375e+04          27.877
          75.500          73.525         332.597        1161.607        1035.375           3.850         3.4050e-04      6.7194e+04      1.9056e+04          27.892
          75.750          73.805         327.032        1161.780        1034.874           3.785         3.4089e-04      6.7183e+04      1.8738e+04          27.907
          76.000          74.086         321.457        1161.951        1034.380           3.721         3.4126e-04      6.7172e+04      1.8418e+04          27.921
          76.250          74.367         315.874        1162.119        1033.894           3.656         3.4163e-04      6.7161e+04      1.8098e+04          27.936
          76.500          74.648         310.283        1162.285        1033.416           3.591         3.4199e-04      6.7150e+04      1.7778e+04          27.950
          76.750          74.929         304.683        1162.447        1032.947           3.526         3.4234e-04      6.7140e+04      1.7457e+04          27.964
          77.000          75.211         299.076        1162.607        1032.485           3.462         3.4269e-04      6.7129e+04      1.7136e+04          27.978
          77.250          75.492         293.460        1162.764        1032.031           3.397         3.4303e-04      6.7119e+04      1.6814e+04          27.991
          77.500          75.774         287.837        1162.918        1031.586           3.331         3.4337e-04      6.7109e+04      1.6492e+04          28.005
          77.750          76.056         282.206        1163.070        1031.148           3.266         3.4370e-04      6.7099e+04      1.6169e+04          28.018
          78.000          76.338         276.567        1163.219        1030.719           3.201         3.4402e-04      6.7089e+04      1.5846e+04          28.031
          78.250          76.620         270.921        1163.364        1030.298           3.136         3.4434e-04      6.7080e+04      1.5523e+04          28.043
          78.500          76.903         265.268        1163.507        1029.886           3.070         3.4465e-04      6.7071e+04      1.5199e+04          28.056
          78.750          77.185         259.608        1163.648        1029.481           3.005         3.4495e-04      6.7061e+04      1.4874e+04          28.068
          79.000          77.468         253.940        1163.785        1029.085           2.939         3.4524e-04      6.7052e+04      1.4550e+04          28.080
          79.250          77.750         248.266        1163.919        1028.698           2.873         3.4553e-04      6.7044e+04      1.4225e+04          28.092
          79.500          78.033         242.586        1164.051        1028.319           2.808         3.4582e-04      6.7035e+04      1.3899e+04          28.103
          79.750          78.316         236.898        1164.179        1027.948           2.742         3.4609e-04      6.7027e+04      1.3573e+04          28.114
          80.000          78.600         231.205        1164.305        1027.586           2.676         3.4636e-04      6.7019e+04      1.3247e+04          28.125
          80.250          78.883         225.505        1164.428        1027.232           2.610         3.4663e-04      6.7011e+04      1.2920e+04          28.136
          80.500          79.166         219.799        1164.548        1026.887           2.544         3.4688e-04      6.7003e+04      1.2594e+04          28.146
          80.750          79.450         214.088        1164.664        1026.550           2.478         3.4713e-04      6.6995e+04      1.2266e+04          28.156
          81.000          79.734         208.370        1164.778        1026.222           2.412         3.4738e-04      6.6988e+04      1.1939e+04          28.166
          81.250          80.018         202.647        1164.889        1025.903           2.345         3.4761e-04      6.6980e+04      1.1611e+04          28.176
          81.500          80.301         196.919        1164.997        1025.592           2.279         3.4784e-04      6.6973e+04      1.1283e+04          28.185
          81.750          80.586         191.185        1165.102        1025.290           2.213         3.4807e-04      6.6967e+04      1.0954e+04          28.194
          82.000          80.870         185.446        1165.204        1024.997           2.146         3.4828e-04      6.6960e+04      1.0625e+04          28.203
          82.250          81.154         179.702        1165.302        1024.713           2.080         3.4849e-04      6.6953e+04      1.0296e+04          28.212
          82.500          81.438         173.953        1165.398        1024.437           2.013         3.4870e-04      6.6947e+04      9.9668e+03          28.220
          82.750          81.723         168.200        1165.491        1024.170           1.947         3.4889e-04      6.6941e+04      9.6371e+03          28.228
          83.000          82.007         162.441        1165.580        1023.912           1.880         3.4909e-04      6.6935e+04      9.3072e+03          28.236
          83.250          82.292         156.679        1165.667        1023.663           1.813         3.4927e-04      6.6930e+04      8.9770e+03          28.244
          83.500          82.577         150.912        1165.751        1023.422           1.747         3.4945e-04      6.6924e+04      8.6466e+03          28.251
          83.750          82.861         145.141        1165.831        1023.191           1.680         3.4962e-04      6.6919e+04      8.3160e+03          28.258
          84.000          83.146         139.367        1165.908        1022.968           1.613         3.4978e-04      6.6914e+04      7.9851e+03          28.265
          84.250          83.431         133.588        1165.983        1022.755           1.546         3.4994e-04      6.6909e+04      7.6540e+03          28.271
          84.500          83.716         127.806        1166.054        1022.550           1.479         3.5009e-04      6.6904e+04      7.3227e+03          28.278
          84.750          84.001         122.020        1166.122        1022.354           1.412         3.5023e-04      6.6900e+04      6.9913e+03          28.284
          85.000          84.287         116.232        1166.187        1022.167           1.345         3.5037e-04      6.6896e+04      6.6596e+03          28.289
          85.250          84.572         110.440        1166.249        1021.990           1.278         3.5050e-04      6.6892e+04      6.3277e+03          28.295
          85.500          84.857         104.644        1166.307        1021.821           1.211         3.5062e-04      6.6888e+04      5.9957e+03          28.300
          85.750          85.143          98.847        1166.363        1021.661           1.144         3.5074e-04      6.6884e+04      5.6635e+03          28.305
          86.000          85.428          93.046        1166.415        1021.511           1.077         3.5085e-04      6.6881e+04      5.3311e+03          28.309
          86.250          85.714          87.243        1166.464        1021.369           1.010         3.5095e-04      6.6877e+04      4.9986e+03          28.314
          86.500          85.999          81.437        1166.510        1021.236           0.943         3.5105e-04      6.6874e+04      4.6660e+03          28.318
          86.750          86.285          75.630        1166.553        1021.113           0.875         3.5114e-04      6.6872e+04      4.3333e+03          28.321
          87.000          86.570          69.820        1166.593        1020.999           0.808         3.5122e-04      6.6869e+04      4.0004e+03          28.325
          87.250          86.856          64.008        1166.630        1020.894           0.741         3.5130e-04      6.6867e+04      3.6674e+03          28.328
          87.500          87.142          58.195        1166.663        1020.797           0.674         3.5137e-04      6.6864e+04      3.3343e+03          28.331
          87.750          87.427          52.380        1166.693        1020.710           0.606         3.5144e-04      6.6862e+04      3.0012e+03          28.334
          88.000          87.713          46.564        1166.720        1020.633           0.539         3.5149e-04      6.6861e+04      2.6679e+03          28.336
          88.250          87.999          40.746        1166.744        1020.564           0.472         3.5154e-04      6.6859e+04      2.3346e+03          28.338
          88.500          88.285          34.927        1166.765        1020.504           0.404         3.5159e-04      6.6858e+04      2.0012e+03          28.340
          88.750          88.571          29.107        1166.783        1020.454           0.337         3.5162e-04      6.6857e+04      1.6677e+03          28.342
          89.000          88.856          23.287        1166.797        1020.413           0.270         3.5165e-04      6.6856e+04      1.3342e+03          28.343
          89.250          89.142          17.466        1166.808        1020.381           0.202         3.5168e-04      6.6855e+04      1.0007e+03          28.344
          89.500          89.428          11.644        1166.816        1020.358           0.135         3.5169e-04      6.6854e+04      6.6716e+02          28.344
          89.750          89.714           5.822        1166.821        1020.344           0.067         3.5170e-04      6.6854e+04      3.3358e+02          28.345
          90.000          90.000           0.000        1166.822        1020.339           0.000         3.5171e-04      6.6854e+04      4.0936e-12          28.345
